2150 700
2150 800
2150 900
2150 1000
2150 1100
2150 1200
2150 1300
2150 1400
2150 1500
2150 1600
2150 1700
2150 1800
2150 1850
2150 1900
2150 1950
2150 2000
2150 2050
2150 2100
2150 2125
2150 2140
2200 10
2200 25
2200 50
2200 100
2200 150
2200 200
2200 300
2200 400
2200 500
2200 600
2200 700
2200 800
2200 900
2200 1000
2200 1100
2200 1200
2200 1300
2200 1400
2200 1500
2200 1600
2200 1700
2200 1800
2200 1900
2200 1950
2200 2000
2200 2050
2200 2100
2200 2150
2200 2175
2200 2190
2250 10
2250 25
2250 50
2250 100
2250 150
2250 200
2250 300
2250 400
2250 500
2250 600
2250 700
2250 800
2250 900
2250 1000
2250 1100
2250 1200
2250 1300
2250 1400
2250 1500
2250 1600
2250 1700
2250 1800
2250 1900
2250 1950
2250 2000
2250 2050
2250 2100
2250 2150
2250 2200
2250 2225
2250 2240
2300 10
2300 25
2300 50
2300 100
2300 150
2300 200
2300 300
2300 400
2300 500
2300 600
2300 700
2300 800
2300 900
2300 1000
2300 1100
2300 1200
2300 1300
2300 1400
2300 1500
2300 1600
2300 1700
2300 1800
2300 1900
2300 2000
2300 2050
2300 2100
2300 2150
2300 2200
2300 2250
2300 2275
2300 2290
2350 10
2350 25
2350 50
2350 100
2350 150
2350 200
2350 300
2350 400
2350 500
2350 600
2350 700
2350 800
2350 900
2350 1000
2350 1100
2350 1200
2350 1300
2350 1400
2350 1500
2350 1600
2350 1700
2350 1800
2350 1900
2350 2000
2350 2050
2350 2100
2350 2150
2350 2200
2350 2250
2350 2300
2350 2325
2350 2340
2400 10
2400 25
2400 50
2400 100
2400 150
2400 200
2400 300
2400 400
2400 500
2400 600
2400 700
2400 800
2400 900
2400 1000
2400 1100
2400 1200
2400 1300
2400 1400
2400 1500
2400 1600
2400 1700
2400 1800
2400 1900
2400 2000
2400 2100
2400 2150
2400 2200
2400 2250
2400 2300
2400 2350
2400 2375
2400 2390
2450 10
2450 25
2450 50
2450 100
2450 150
2450 200
2450 300
2450 400
2450 500
2450 600
2450 700
2450 800
2450 900
2450 1000
2450 1100
2450 1200
2450 1300
2450 1400
2450 1500
2450 1600
2450 1700
2450 1800
2450 1900
2450 2000
2450 2100
2450 2150
2450 2200
2450 2250
2450 2300
2450 2350
2450 2400
2450 2425
2450 2440
2500 10
2500 25
2500 50
2500 100
2500 150
2500 200
2500 300
2500 400
2500 500
2500 600
2500 700
2500 800
2500 900
2500 1000
2500 1100
2500 1200
2500 1300
2500 1400
2500 1500
2500 1600
2500 1700
2500 1800
2500 1900
2500 2000
2500 2100
2500 2200
2500 2250
2500 2300
2500 2350
2500 2400
2500 2450
2500 2475
2500 2490
