
Processing printMassPoints.C("T6ttZG_Summer16v3_MassScan.root")...
300 10
300 100
300 150
300 200
350 150
350 200
350 250
400 10
400 100
400 200
400 250
400 300
450 250
450 300
450 350
500 10
500 100
500 200
500 300
500 350
500 400
550 350
550 400
550 450
600 10
600 100
600 200
600 300
600 400
600 450
600 500
650 450
650 500
650 550
700 10
700 100
700 200
700 300
700 400
700 500
700 550
700 600
750 550
750 600
750 650
800 10
800 25
800 50
800 75
800 100
800 200
800 300
800 400
800 500
800 600
800 650
800 700
850 650
850 700
850 750
900 10
900 25
900 50
900 75
900 100
900 200
900 300
900 400
900 500
900 600
900 700
900 750
900 800
950 750
950 800
950 850
1000 10
1000 25
1000 50
1000 75
1000 100
1000 200
1000 300
1000 400
1000 500
1000 600
1000 700
1000 800
1000 850
1000 900
1050 850
1050 900
1050 950
1100 10
1100 25
1100 50
1100 75
1100 100
1100 200
1100 300
1100 400
1100 500
1100 600
1100 700
1100 800
1100 900
1100 950
1100 1000
1150 950
1150 1000
1150 1050
1200 10
1200 25
1200 50
1200 75
1200 100
1200 200
1200 300
1200 400
1200 500
1200 600
1200 700
1200 800
1200 900
1200 1000
1200 1050
1200 1100
1250 1050
1250 1100
1250 1150
1300 10
1300 25
1300 50
1300 75
1300 100
1300 200
1300 300
1300 400
1300 500
1300 600
1300 700
1300 800
1300 900
1300 1000
1300 1100
1300 1150
1300 1200
1350 1150
1350 1200
1350 1250
1400 10
1400 25
1400 50
1400 75
1400 100
1400 200
1400 300
1400 400
1400 500
1400 600
1400 700
1400 800
1400 900
1400 1000
1400 1100
1400 1200
1400 1250
1400 1300
1450 1250
1450 1300
1450 1350
1500 10
1500 25
1500 50
1500 75
1500 100
1500 200
1500 300
1500 400
1500 500
1500 600
1500 700
1500 800
1500 900
1500 1000
1500 1100
1500 1200
1500 1300
1500 1350
1500 1400
1550 1350
1550 1400
1550 1450
1600 10
1600 25
1600 50
1600 75
1600 100
1600 200
1600 300
1600 400
1600 500
1600 600
1600 700
1600 800
1600 900
1600 1000
1600 1100
1600 1200
1600 1300
1600 1400
1600 1450
1600 1500
1650 1450
1650 1500
1650 1550
1700 10
1700 25
1700 50
1700 75
1700 100
1700 200
1700 300
1700 400
1700 500
1700 600
1700 700
1700 800
1700 900
1700 1000
1700 1100
1700 1200
1700 1300
1700 1400
1700 1500
1700 1550
1700 1600
1750 1550
1750 1600
1750 1650
1800 10
1800 25
1800 50
1800 75
1800 100
1800 200
1800 300
1800 400
1800 500
1800 600
1800 700
1800 800
1800 900
1800 1000
1800 1100
1800 1200
1800 1300
1800 1400
1800 1500
1800 1600
1800 1650
1800 1700
